Map
75 169
End
Flag
55 156
End
Safezone
56 32
End
Creature
62 65
62 57
50 65
50 81
64 81
64 91
51 91
51 106
51 119
37 119
37 104
61 114
61 129
61 139
64 155
72 159
38 143
36 96
End
Blockades
46 81
46 80
46 79
46 78
46 77
46 76
45 83
45 82
45 81
45 80
45 79
45 78
45 77
45 76
44 83
44 82
44 81
44 80
44 79
44 78
44 77
44 76
43 83
43 82
43 81
43 80
43 79
43 78
43 77
43 76
42 83
42 82
42 81
42 80
42 76
32 100
32 99
31 100
31 99
30 100
30 99
29 100
29 99
48 168
48 167
47 168
47 167
46 168
46 167
45 168
45 167
62 100
62 99
61 100
61 99
60 100
60 99
59 100
59 99
63 125
63 124
63 123
63 122
63 121
63 120
63 119
63 118
62 125
62 124
62 123
62 122
62 121
62 120
62 119
62 118
61 125
61 124
61 123
61 122
61 121
61 120
61 119
61 118
60 125
60 124
60 123
60 122
60 121
60 120
60 119
60 118
75 163
75 162
75 161
75 160
34 166
62 103
61 103
69 162
69 161
69 160
69 159
69 158
69 157
69 156
68 162
68 161
68 160
68 159
68 158
68 157
68 156
67 162
67 161
67 160
67 159
67 158
67 157
67 156
66 162
66 161
66 160
66 159
66 158
66 157
66 156
37 52
37 51
37 50
37 49
37 48
36 52
36 51
36 50
36 49
36 48
35 52
35 51
35 50
35 49
35 48
34 52
34 51
34 50
34 49
34 48
33 52
33 51
33 50
33 49
33 48
61 166
60 166
48 103
48 102
48 101
48 100
74 168
74 167
73 168
73 167
72 168
72 167
71 168
71 167
70 112
59 167
59 166
59 165
59 164
75 147
75 146
75 145
75 144
35 60
35 59
35 58
35 57
35 56
35 55
35 54
34 60
34 59
34 58
34 57
34 56
34 55
34 54
33 60
33 59
33 58
33 57
33 56
33 55
33 54
32 60
32 59
32 58
32 57
32 56
32 55
32 54
31 60
31 59
31 58
31 57
31 56
31 55
31 54
30 60
30 59
30 58
30 57
30 56
30 55
30 54
56 113
55 113
28 111
28 110
28 109
28 108
32 155
32 154
32 153
32 152
44 101
43 101
72 101
71 101
47 127
47 126
47 125
46 127
46 126
46 125
45 127
45 126
45 125
44 127
44 126
44 125
43 127
43 126
43 125
42 127
42 126
42 125
41 127
41 126
41 125
40 127
40 126
40 125
39 127
39 126
39 125
38 127
38 126
38 125
37 127
37 126
37 125
36 127
36 126
36 125
35 127
35 126
35 125
32 101
31 101
60 97
60 96
60 95
59 97
59 96
59 95
58 97
58 96
58 95
57 97
57 96
57 95
56 97
56 96
56 95
55 97
55 96
55 95
32 159
32 158
32 157
32 156
36 100
36 99
35 100
35 99
34 100
34 99
33 100
33 99
72 166
71 166
57 71
46 62
46 61
46 60
46 59
46 58
46 57
46 56
46 55
46 54
46 53
45 62
45 61
45 60
45 59
45 58
45 57
45 56
45 55
45 54
45 53
44 62
44 61
44 60
44 59
44 58
44 57
44 56
44 55
44 54
44 53
43 62
43 61
43 60
43 59
43 58
43 57
43 56
43 55
43 54
43 53
42 62
42 61
42 60
42 59
42 58
42 57
42 56
42 55
42 54
42 53
41 62
41 61
41 60
41 59
41 58
41 57
41 56
41 55
41 54
41 53
40 62
40 61
40 60
40 59
40 58
40 57
40 56
40 55
40 54
40 53
39 62
39 61
39 60
39 59
39 58
39 57
39 56
39 55
39 54
39 53
38 62
38 61
38 60
38 59
38 58
38 57
38 56
38 55
38 54
38 53
37 62
37 61
37 60
37 59
37 58
37 57
37 56
37 55
37 54
37 53
36 62
36 61
36 60
36 59
36 58
36 57
36 56
36 55
36 54
36 53
35 62
35 61
35 60
35 59
35 58
35 57
35 56
35 55
35 54
35 53
34 62
34 61
34 60
34 59
34 58
34 57
34 56
34 55
34 54
34 53
33 62
33 61
33 60
33 59
33 58
33 57
33 56
33 55
33 54
33 53
66 100
66 99
65 100
65 99
64 100
64 99
63 100
63 99
63 20
58 23
57 23
57 22
56 23
56 22
56 21
53 76
53 75
53 74
53 73
53 72
53 71
53 70
53 69
52 76
52 75
52 74
52 73
52 72
52 71
52 70
52 69
51 76
51 75
51 74
51 73
51 72
51 71
51 70
51 69
56 111
55 111
32 151
32 150
32 149
32 148
32 127
32 126
32 125
32 124
75 103
75 102
75 101
75 100
53 32
52 32
51 32
50 32
49 35
49 34
49 33
49 32
48 35
48 34
48 33
48 32
53 101
53 100
53 99
53 98
53 97
53 96
52 101
52 100
52 99
52 98
52 97
52 96
51 101
51 100
51 99
51 98
51 97
51 96
55 124
54 124
32 92
32 91
32 90
32 89
32 88
32 87
31 92
31 91
31 90
31 89
31 88
31 87
30 92
30 91
30 90
30 89
30 88
30 87
29 92
29 91
29 90
29 89
29 88
29 87
28 92
28 91
28 90
28 89
28 88
28 87
27 92
27 91
27 90
27 89
27 88
27 87
32 54
32 53
32 52
32 51
32 50
31 54
31 53
31 52
31 51
31 50
31 49
30 54
30 53
30 52
30 51
30 50
30 49
29 54
29 53
29 52
29 51
29 50
29 49
28 54
28 53
28 52
28 51
28 50
28 49
64 41
66 78
73 117
73 116
73 115
72 117
72 116
72 115
71 117
71 116
71 115
70 117
70 116
70 115
69 117
69 116
69 115
68 117
68 116
68 115
67 117
67 116
67 115
66 117
66 116
66 115
65 117
65 116
65 115
28 103
28 102
28 101
28 100
32 143
32 142
32 141
32 140
49 138
49 137
75 115
75 114
75 113
75 112
30 101
69 36
42 101
44 113
44 112
44 111
44 110
44 109
43 113
43 112
43 111
43 110
43 109
42 113
42 112
42 111
42 110
42 109
41 113
41 112
41 111
41 110
41 109
40 113
40 112
40 111
40 110
40 109
39 113
39 112
39 111
39 110
39 109
38 113
38 112
38 111
38 110
38 109
37 113
37 112
37 111
37 110
37 109
36 113
36 112
36 111
36 110
36 109
35 113
35 112
35 111
35 110
35 109
34 113
34 112
34 111
34 110
34 109
33 113
33 112
33 111
33 110
33 109
66 168
66 167
65 168
65 167
64 168
64 167
63 168
63 167
54 30
54 29
54 28
54 27
53 32
53 31
53 30
53 29
53 28
53 27
52 32
52 31
52 30
52 29
52 28
52 27
51 32
51 31
51 30
51 29
51 28
51 27
47 101
46 101
35 142
35 141
35 140
34 142
34 141
34 140
48 99
48 97
48 96
47 99
47 98
47 97
47 96
46 99
46 98
46 97
46 96
45 99
45 98
45 97
45 96
44 99
44 98
44 97
44 96
57 169
57 168
57 167
57 166
57 165
57 164
57 163
57 162
57 161
56 169
56 168
56 167
56 166
56 165
56 164
56 163
56 162
56 161
55 169
55 168
55 167
55 166
55 165
55 164
55 163
55 162
55 161
64 166
63 166
55 126
50 52
75 151
75 150
75 149
75 148
49 166
48 166
37 84
37 83
37 82
37 81
36 84
36 83
36 82
36 81
35 85
35 84
35 83
35 82
35 81
34 85
34 84
34 83
34 82
33 86
33 85
33 84
33 83
33 82
32 86
32 85
32 84
32 83
32 82
32 81
31 86
31 85
31 84
31 83
31 82
31 81
30 86
30 85
30 84
30 83
30 82
30 81
29 86
29 85
29 84
29 83
29 82
29 81
28 86
28 85
28 84
28 83
28 82
28 81
71 112
57 70
64 96
64 95
46 52
32 167
32 166
32 165
32 164
70 168
70 167
69 168
69 167
68 168
68 167
67 168
67 167
62 101
32 135
32 134
32 133
32 132
50 166
64 101
63 101
46 69
45 69
41 163
41 162
41 161
41 160
41 159
41 158
41 157
41 156
41 155
41 154
41 153
41 152
41 151
41 150
41 149
41 148
41 147
41 146
40 163
40 162
40 161
40 160
40 159
40 158
40 157
40 156
40 155
40 154
40 153
40 152
40 151
40 150
40 149
40 148
40 147
40 146
39 163
39 162
39 161
39 160
39 159
39 158
39 157
39 156
39 155
39 154
39 153
39 152
39 151
39 150
39 149
39 148
39 147
39 146
38 163
38 162
38 161
38 160
38 159
38 158
38 157
38 156
38 155
38 154
38 153
38 152
38 151
38 150
38 149
38 148
38 147
38 146
37 163
37 162
37 161
37 160
37 159
37 158
37 157
37 156
37 155
37 154
37 153
37 152
37 151
37 150
37 149
37 148
37 147
37 146
36 163
36 162
36 161
36 160
36 159
36 158
36 157
36 156
36 155
36 154
36 153
36 152
36 151
36 150
36 149
36 148
36 147
36 146
35 163
35 162
35 161
35 160
35 159
35 158
35 157
35 156
35 155
35 154
35 153
35 152
35 151
35 150
35 149
35 148
35 147
35 146
34 163
34 162
34 161
34 160
34 159
34 158
34 157
34 156
34 155
34 154
34 153
34 152
34 151
34 150
34 149
34 148
34 147
34 146
33 163
33 162
33 161
33 160
33 159
33 158
33 157
33 156
33 155
33 154
33 153
33 152
33 151
33 150
33 149
33 148
33 147
33 146
58 88
58 87
63 30
63 29
63 28
62 31
62 30
62 29
62 28
61 31
61 30
61 29
61 28
60 30
60 29
60 28
59 30
59 29
59 28
58 31
58 29
58 28
57 31
57 28
56 31
56 28
32 85
32 84
32 83
32 82
32 81
32 80
32 79
32 78
32 77
32 76
32 75
32 74
32 73
32 72
32 71
32 70
31 85
31 84
31 83
31 82
31 81
31 80
31 79
31 78
31 77
31 76
31 75
31 74
31 73
31 72
31 71
31 70
30 85
30 84
30 83
30 82
30 81
30 80
30 79
30 78
30 77
30 76
30 75
30 74
30 73
30 72
30 71
30 70
29 85
29 84
29 83
29 82
29 81
29 80
29 79
29 78
29 77
29 76
29 75
29 74
29 73
29 72
29 71
29 70
28 85
28 84
28 83
28 82
28 81
28 80
28 79
28 78
28 77
28 76
28 75
28 74
28 73
28 72
28 71
28 70
55 141
45 65
45 64
44 65
44 64
33 98
33 97
33 96
33 95
33 94
33 93
33 92
33 91
32 98
32 97
32 96
32 95
32 94
32 93
32 92
32 91
31 98
31 97
31 96
31 95
31 94
31 93
31 92
31 91
30 98
30 97
30 96
30 95
30 94
30 93
30 92
30 91
29 98
29 97
29 96
29 95
29 94
29 93
29 92
29 91
28 98
28 97
28 96
28 95
28 94
28 93
28 92
28 91
70 166
55 27
55 26
55 25
55 24
54 27
54 26
54 24
53 27
53 26
53 24
52 27
52 26
51 27
48 27
48 26
48 25
48 24
34 101
33 101
66 70
70 76
70 75
70 74
70 73
70 72
70 71
69 76
69 75
69 74
69 73
69 72
69 71
68 76
68 75
68 74
68 73
68 72
68 71
67 76
67 75
67 74
67 73
67 72
67 71
66 76
66 75
66 74
66 73
66 72
66 71
47 123
47 122
65 101
46 123
46 122
45 123
45 122
39 78
39 77
39 76
39 75
38 78
38 77
38 76
38 75
37 78
37 77
37 76
37 75
36 77
36 76
36 75
61 164
74 96
74 95
74 94
73 96
73 95
73 94
73 93
72 96
72 95
72 94
72 93
71 96
71 95
71 94
71 93
71 92
70 96
70 95
70 94
70 93
70 92
69 96
69 95
69 94
69 93
69 92
69 101
68 101
61 104
46 74
46 73
46 72
46 71
46 70
46 69
46 68
46 67
46 66
46 65
45 74
45 73
45 72
45 71
45 70
45 69
45 68
45 67
45 66
45 65
44 74
44 73
44 72
44 71
44 70
44 69
44 68
44 67
44 66
44 65
43 74
43 73
43 72
43 71
43 70
43 69
43 68
43 67
43 66
43 65
42 74
42 73
42 72
42 71
42 70
42 69
42 68
42 67
42 66
42 65
41 74
41 73
41 72
41 71
41 70
41 69
41 68
41 67
41 66
41 65
40 74
40 73
40 72
40 71
40 70
40 69
40 68
40 67
40 66
40 65
39 74
39 73
39 72
39 71
39 70
39 69
39 68
39 67
39 66
39 65
38 74
38 73
38 72
38 71
38 70
38 69
38 68
38 67
38 66
38 65
37 74
37 73
37 72
37 71
37 70
37 69
37 68
37 67
37 66
37 65
36 74
36 73
36 72
36 71
36 70
36 69
36 68
36 67
36 66
36 65
35 74
35 73
35 72
35 71
35 70
35 69
35 68
35 67
35 66
35 65
34 74
34 73
34 72
34 71
34 70
34 69
34 68
34 67
34 66
34 65
33 74
33 73
33 72
33 71
33 70
33 69
33 68
33 67
33 66
33 65
48 107
48 106
48 105
48 104
67 166
66 166
62 168
62 167
61 168
61 167
60 168
60 167
59 168
59 167
42 166
75 155
75 154
75 153
75 152
63 146
63 145
63 144
63 143
62 147
62 146
62 145
62 144
62 143
62 142
61 147
61 146
61 145
61 144
61 143
61 142
60 148
60 147
60 146
60 145
60 144
60 143
60 142
59 149
59 148
59 147
59 146
59 145
59 144
59 143
58 149
58 148
58 147
58 146
58 145
58 144
57 148
57 147
57 146
57 145
56 147
56 146
56 142
73 40
65 76
31 124
31 123
30 124
30 123
29 124
29 123
28 124
28 123
55 103
55 102
55 101
55 100
43 62
73 101
52 168
52 167
51 168
51 167
50 168
50 167
49 168
49 167
70 98
70 97
70 96
70 95
70 94
70 93
70 92
69 98
69 97
69 96
69 95
69 94
69 93
69 92
68 98
68 97
68 96
68 95
68 94
68 93
68 92
67 98
67 97
67 96
67 95
67 94
67 93
67 92
66 98
66 97
66 96
66 95
66 94
66 93
66 92
65 98
65 97
65 96
65 95
65 94
65 93
65 92
61 101
60 101
64 166
63 166
47 31
47 30
47 29
47 28
47 27
47 26
47 25
47 24
47 23
47 22
46 31
46 30
46 29
46 28
46 27
46 26
46 25
46 24
46 23
46 22
45 31
45 30
45 29
45 28
45 27
45 26
45 25
45 24
45 23
45 22
44 31
44 30
44 29
44 28
44 27
44 26
44 25
44 24
44 23
44 22
43 31
43 30
43 29
43 28
43 27
43 26
43 25
43 24
43 23
43 22
42 31
42 30
42 29
42 28
42 27
42 26
42 25
42 24
42 23
42 22
75 123
75 122
75 121
75 120
44 166
43 166
63 96
63 95
32 131
32 130
32 129
32 128
33 122
33 121
33 120
32 122
32 121
32 120
31 122
31 121
31 120
61 166
60 166
75 159
75 158
75 157
75 156
68 135
67 135
67 101
66 101
52 163
52 162
52 161
52 160
59 111
59 110
59 109
59 108
59 107
59 106
59 105
59 104
59 103
58 111
58 110
58 109
58 108
58 107
58 106
58 105
58 104
58 103
57 111
57 110
57 109
57 108
57 107
57 106
57 105
57 104
57 103
73 41
35 89
34 75
34 74
34 73
34 72
33 75
33 74
33 73
33 72
73 106
73 105
73 104
72 106
72 105
72 104
72 103
71 106
71 105
71 104
71 103
70 106
70 105
70 104
59 163
59 162
59 161
59 160
74 55
74 54
74 53
74 52
74 51
74 50
73 55
73 54
73 53
73 52
73 51
73 50
72 55
72 54
72 53
72 52
72 51
72 50
71 55
71 54
71 53
71 52
71 51
71 50
70 55
70 54
70 53
70 52
70 51
70 50
69 55
69 54
69 53
69 52
69 51
69 50
65 104
65 103
62 166
72 61
72 60
72 59
72 58
72 57
72 56
71 63
71 62
71 61
71 60
71 59
71 58
71 57
71 56
70 64
70 63
70 62
70 61
70 60
70 59
70 58
70 57
70 56
69 64
69 63
69 62
69 61
69 60
69 59
69 58
69 57
69 56
68 64
68 63
68 62
68 61
68 60
68 59
68 58
68 57
68 56
67 64
67 63
67 62
67 61
67 60
67 59
72 27
72 26
72 25
72 24
72 23
72 22
75 131
75 130
75 129
75 128
28 119
28 118
28 117
28 116
28 123
28 122
28 121
28 120
47 51
47 50
47 49
47 48
47 47
47 46
47 45
47 44
47 43
46 51
46 50
46 49
46 48
46 47
46 46
46 45
46 44
46 43
45 51
45 50
45 49
45 48
45 47
45 46
45 45
45 44
45 43
44 51
44 50
44 49
44 48
44 47
44 46
44 45
44 44
44 43
43 51
43 50
43 49
43 48
43 47
43 46
43 45
43 44
43 43
42 51
42 50
42 49
42 48
42 47
42 46
42 45
42 44
42 43
41 51
41 50
41 49
41 48
41 47
41 46
41 45
41 44
41 43
40 51
40 50
40 49
40 48
40 47
40 46
40 45
40 44
40 43
39 51
39 50
39 49
39 48
39 47
39 46
39 45
39 44
39 43
61 96
61 95
56 109
56 108
55 109
55 108
42 63
58 100
58 99
57 100
57 99
56 100
56 99
55 100
55 99
34 78
34 77
34 76
34 75
34 74
33 78
33 77
33 76
33 75
33 74
32 78
32 77
32 76
32 75
32 74
31 78
31 77
31 76
31 75
31 74
30 78
30 77
30 76
30 75
30 74
75 119
75 118
75 117
75 116
39 101
38 101
70 100
70 99
69 100
69 99
68 100
68 99
67 100
67 99
62 105
61 105
49 115
37 65
37 64
36 65
36 64
35 65
35 64
28 107
28 106
28 105
28 104
52 167
52 166
52 165
52 164
75 167
75 166
75 165
75 164
44 123
44 122
43 123
43 122
40 101
49 42
49 41
49 40
48 43
48 42
48 41
48 40
37 166
75 135
75 134
75 133
75 132
54 126
59 101
58 101
32 163
32 162
32 161
32 160
49 131
49 130
39 63
48 47
48 46
48 45
48 44
43 120
42 120
32 63
32 62
32 61
32 60
32 59
32 58
32 57
32 56
31 63
31 62
31 61
31 60
31 59
31 58
31 57
31 56
30 63
30 62
30 61
30 60
30 59
30 58
30 57
30 56
29 63
29 62
29 61
29 60
29 59
29 58
29 57
29 56
28 63
28 62
28 61
28 60
28 59
28 58
28 57
28 56
62 106
61 106
48 138
48 137
48 136
48 135
48 134
48 133
48 132
48 131
48 130
48 129
47 138
47 137
47 136
47 135
47 134
47 133
47 132
47 131
47 130
47 129
46 138
46 137
46 136
46 135
46 134
46 133
46 132
46 131
46 130
46 129
45 138
45 137
45 136
45 135
45 134
45 133
45 132
45 131
45 130
45 129
44 138
44 137
44 136
44 135
44 134
44 133
44 132
44 131
44 130
44 129
43 138
43 137
43 136
43 135
43 134
43 133
43 132
43 131
43 130
43 129
42 138
42 137
42 136
42 135
42 134
42 133
42 132
42 131
42 130
42 129
41 138
41 137
41 136
41 135
41 134
41 133
41 132
41 131
41 130
41 129
40 138
40 137
40 136
40 135
40 134
40 133
40 132
40 131
40 130
40 129
39 138
39 137
39 136
39 135
39 134
39 133
39 132
39 131
39 130
39 129
38 138
38 137
38 136
38 135
38 134
38 133
38 132
38 131
38 130
38 129
37 138
37 137
37 136
37 135
37 134
37 133
37 132
37 131
37 130
37 129
36 138
36 137
36 136
36 135
36 134
36 133
36 132
36 131
36 130
36 129
35 138
35 137
35 136
35 135
35 134
35 133
35 132
35 131
35 130
35 129
34 138
34 137
34 136
34 135
34 134
34 133
34 132
34 131
34 130
34 129
60 80
60 79
59 80
59 79
52 149
67 71
67 70
40 100
40 99
39 100
39 99
38 100
38 99
37 100
37 99
75 139
75 138
75 137
75 136
63 27
62 27
61 27
61 26
60 27
60 26
59 27
59 26
59 25
58 27
58 26
58 25
58 24
57 27
57 26
57 25
57 24
56 27
56 26
56 25
56 24
36 166
35 166
47 166
46 166
55 31
55 28
54 30
54 29
54 28
53 31
53 30
53 29
53 28
52 31
52 30
52 29
52 28
51 31
51 30
51 29
51 28
50 31
50 30
50 29
49 31
48 31
48 30
48 29
48 28
44 168
44 167
43 168
43 167
42 168
42 167
41 168
41 167
58 54
58 53
58 52
57 55
57 54
57 53
57 52
56 57
56 56
56 55
56 54
56 53
56 52
56 51
55 58
55 57
55 56
55 55
55 54
55 53
55 52
55 51
54 58
54 57
54 56
54 55
54 54
54 53
54 52
53 58
53 57
53 56
53 55
53 54
52 57
52 56
52 55
45 101
37 101
49 39
49 38
49 37
49 36
48 39
48 38
48 37
48 36
28 115
28 114
28 113
28 112
46 68
71 43
71 42
70 43
70 42
69 43
69 42
68 88
68 87
41 75
55 107
55 106
55 105
55 104
73 25
73 24
73 23
73 22
73 21
73 20
72 25
72 24
72 23
72 22
72 21
72 20
71 25
71 24
71 23
71 22
71 21
71 20
70 25
70 24
70 23
70 22
70 21
70 20
69 25
69 24
69 23
69 22
69 21
69 20
68 25
68 24
68 23
68 22
68 21
68 20
55 123
54 123
46 63
39 166
38 166
32 139
32 138
32 137
32 136
45 166
74 31
74 30
74 29
73 31
73 30
73 29
72 31
72 30
72 29
72 40
72 39
72 38
72 37
72 36
72 35
72 34
72 33
72 32
72 31
72 30
72 29
71 40
71 39
71 38
71 37
71 36
71 35
71 34
71 33
71 32
71 31
71 30
71 29
70 40
70 39
70 38
70 37
70 36
70 35
70 34
70 33
70 32
70 31
70 30
70 29
69 40
69 39
69 38
69 37
69 36
69 35
69 34
69 33
69 32
69 31
69 30
69 29
68 40
68 39
68 38
68 37
68 36
68 35
68 34
68 33
68 32
68 31
68 30
68 29
67 40
67 39
67 38
67 37
67 36
67 35
67 34
67 33
67 32
67 31
67 30
67 29
66 40
66 39
66 38
66 37
66 36
66 35
66 34
66 33
66 32
66 31
66 30
66 29
65 40
65 39
65 38
65 37
65 36
65 35
65 34
65 33
65 32
65 31
65 30
65 29
64 40
64 39
64 38
64 37
64 36
64 35
64 34
64 33
64 32
64 31
64 30
64 29
73 85
73 84
73 83
73 82
72 86
72 85
72 84
72 83
72 82
71 87
71 86
71 85
71 84
71 83
71 82
70 87
70 86
70 85
70 84
70 83
70 82
70 81
69 87
69 86
69 85
69 84
69 83
69 82
69 81
68 87
68 86
68 85
68 84
68 83
68 82
68 81
68 80
67 85
67 84
67 83
67 82
67 81
67 80
66 84
66 83
66 82
66 81
66 80
53 113
53 112
53 111
53 110
53 109
53 108
52 113
52 112
52 111
52 110
52 109
52 108
51 113
51 112
51 111
51 110
51 109
51 108
74 100
74 99
73 100
73 99
72 100
72 99
71 100
71 99
64 164
54 141
30 98
30 97
30 96
30 95
30 94
29 98
29 97
29 96
29 95
29 94
28 98
28 97
28 96
28 95
28 94
27 98
27 97
27 96
27 95
27 94
26 98
26 97
26 96
26 95
26 94
41 166
40 166
57 101
75 127
75 126
75 125
75 124
64 98
73 110
73 109
73 108
72 110
72 109
72 108
71 110
71 109
71 108
70 110
70 109
70 108
69 110
69 109
69 108
68 110
68 109
68 108
67 110
67 109
67 108
66 110
66 109
66 108
65 110
65 109
65 108
65 166
75 107
75 106
75 105
75 104
36 168
36 167
35 168
35 167
34 168
34 167
33 168
33 167
46 62
71 135
71 134
75 111
75 110
75 109
75 108
69 166
68 166
70 101
43 75
43 74
42 75
42 74
45 90
45 89
45 88
45 87
44 91
44 90
44 89
44 88
44 87
44 86
43 92
43 91
43 90
43 89
43 88
43 87
43 86
42 94
42 93
42 92
42 91
42 90
42 89
42 88
42 87
42 86
41 94
41 93
41 92
41 91
41 90
41 89
41 88
41 87
40 94
40 93
40 92
40 91
40 90
40 89
40 88
39 93
39 92
39 91
39 90
39 89
38 92
38 91
51 163
51 162
51 161
51 160
51 159
51 158
51 157
51 156
51 155
51 154
51 153
51 152
51 151
51 150
51 149
51 148
51 147
51 146
50 163
50 162
50 161
50 160
50 159
50 158
50 157
50 156
50 155
50 154
50 153
50 152
50 151
50 150
50 149
50 148
50 147
50 146
49 163
49 162
49 161
49 160
49 159
49 158
49 157
49 156
49 155
49 154
49 153
49 152
49 151
49 150
49 149
49 148
49 147
49 146
48 163
48 162
48 161
48 160
48 159
48 158
48 157
48 156
48 155
48 154
48 153
48 152
48 151
48 150
48 149
48 148
48 147
48 146
47 163
47 162
47 161
47 160
47 159
47 158
47 157
47 156
47 155
47 154
47 153
47 152
47 151
47 150
47 149
47 148
47 147
47 146
46 163
46 162
46 161
46 160
46 159
46 158
46 157
46 156
46 155
46 154
46 153
46 152
46 151
46 150
46 149
46 148
46 147
46 146
45 163
45 162
45 161
45 160
45 159
45 158
45 157
45 156
45 155
45 154
45 153
45 152
45 151
45 150
45 149
45 148
45 147
45 146
44 163
44 162
44 161
44 160
44 159
44 158
44 157
44 156
44 155
44 154
44 153
44 152
44 151
44 150
44 149
44 148
44 147
44 146
65 68
65 67
58 97
58 96
58 95
57 97
57 96
57 95
73 164
73 163
72 164
72 163
71 164
71 163
32 147
32 146
32 145
32 144
60 87
69 126
68 126
73 166
37 53
37 52
37 51
36 53
36 52
36 51
35 53
35 52
35 51
69 49
69 48
69 47
69 46
69 45
69 44
69 43
69 42
68 49
68 48
68 47
68 46
68 45
68 44
68 43
68 42
67 49
67 48
67 47
67 46
67 45
67 44
67 43
67 42
66 49
66 48
66 47
66 46
66 45
66 44
66 43
66 42
65 49
65 48
65 47
65 46
65 45
65 44
65 43
65 42
64 49
64 48
64 47
64 46
64 45
64 44
64 43
64 42
40 168
40 167
39 168
39 167
38 168
38 167
37 168
37 167
54 117
57 24
57 23
57 22
56 24
56 23
56 22
55 24
55 23
55 22
54 24
54 23
54 22
66 104
66 103
69 39
48 42
48 41
48 40
48 39
48 38
48 37
48 36
48 35
48 34
48 33
48 32
47 42
47 41
47 40
47 39
47 38
47 37
47 36
47 35
47 34
47 33
47 32
46 42
46 41
46 40
46 39
46 38
46 37
46 36
46 35
46 34
46 33
46 32
45 42
45 41
45 40
45 39
45 38
45 37
45 36
45 35
45 34
45 33
45 32
44 42
44 41
44 40
44 39
44 38
44 37
44 36
44 35
44 34
44 33
44 32
43 42
43 41
43 40
43 39
43 38
43 37
43 36
43 35
43 34
43 33
43 32
42 42
42 41
42 40
42 39
42 38
42 37
42 36
42 35
42 34
42 33
42 32
41 42
41 41
41 40
41 39
41 38
41 37
41 36
41 35
41 34
41 33
41 32
40 42
40 41
40 40
40 39
40 38
40 37
40 36
40 35
40 34
40 33
40 32
39 42
39 41
39 40
39 39
39 38
39 37
39 36
39 35
39 34
39 33
39 32
38 42
38 41
38 40
38 39
38 38
38 37
38 36
38 35
38 34
38 33
38 32
37 42
37 41
37 40
37 39
37 38
37 37
37 36
37 35
37 34
37 33
37 32
41 122
40 122
66 79
48 100
48 99
47 100
47 99
46 100
46 99
45 100
45 99
75 143
75 142
75 141
75 140
44 100
44 99
43 100
43 99
42 100
42 99
41 100
41 99
65 166
73 138
73 137
73 136
72 138
72 137
72 136
71 138
71 137
71 136
70 138
70 137
70 136
69 138
69 137
69 136
68 138
68 137
68 136
67 138
67 137
67 136
66 138
66 137
66 136
65 138
65 137
65 136
57 160
56 160
55 160
54 160
62 166
65 25
55 23
55 22
55 21
54 23
54 22
53 23
49 22
49 21
49 20
48 23
48 22
48 21
48 20
60 81
36 101
35 101
55 101
55 100
48 101
48 100
55 141
55 126
59 167
43 140
42 140
68 141
52 167
68 126
63 19
63 18
63 17
63 16
63 15
63 14
63 13
63 12
63 11
49 19
49 18
49 17
49 16
48 19
48 18
48 17
48 16
49 15
49 14
49 13
49 12
48 15
48 14
48 13
48 12
49 11
48 11
48 22
48 21
48 20
48 19
48 18
48 17
48 16
48 15
48 14
48 13
48 12
47 22
47 21
47 20
47 19
47 18
47 17
47 16
47 15
47 14
47 13
47 12
46 22
46 21
46 20
46 19
46 18
46 17
46 16
46 15
46 14
46 13
46 12
45 22
45 21
45 20
45 19
45 18
45 17
45 16
45 15
45 14
45 13
45 12
44 22
44 21
44 20
44 19
44 18
44 17
44 16
44 15
44 14
44 13
44 12
43 22
43 21
43 20
43 19
43 18
43 17
43 16
43 15
43 14
43 13
43 12
42 22
42 21
42 20
42 19
42 18
42 17
42 16
42 15
42 14
42 13
42 12
41 22
41 21
41 20
41 19
41 18
41 17
41 16
41 15
41 14
41 13
41 12
40 22
40 21
40 20
40 19
40 18
40 17
40 16
40 15
40 14
40 13
40 12
39 22
39 21
39 20
39 19
39 18
39 17
39 16
39 15
39 14
39 13
39 12
38 22
38 21
38 20
38 19
38 18
38 17
38 16
38 15
38 14
38 13
38 12
37 22
37 21
37 20
37 19
37 18
37 17
37 16
37 15
37 14
37 13
37 12
70 20
70 19
70 18
70 17
70 16
70 15
70 14
70 13
70 12
69 20
69 19
69 18
69 17
69 16
69 15
69 14
69 13
69 12
68 20
68 19
68 18
68 17
68 16
68 15
68 14
68 13
68 12
67 20
67 19
67 18
67 17
67 16
67 15
67 14
67 13
67 12
66 20
66 19
66 18
66 17
66 16
66 15
66 14
66 13
66 12
65 20
65 19
65 18
65 17
65 16
65 15
65 14
65 13
65 12
64 20
64 19
64 18
64 17
64 16
64 15
64 14
64 13
64 12
63 30
63 29
63 28
63 27
62 30
62 29
62 28
62 27
61 30
61 29
61 28
61 27
61 26
60 30
60 29
60 28
60 27
60 26
59 30
59 29
59 28
59 27
59 26
59 25
58 29
58 28
58 27
58 26
58 25
57 28
57 27
57 26
57 25
56 28
56 27
56 26
56 25
72 93
71 93
71 92
71 87
70 93
70 92
70 91
70 90
70 89
70 87
69 93
69 92
69 91
69 90
69 89
69 88
69 87
68 93
68 92
68 91
68 90
68 89
68 88
68 87
67 93
67 92
66 93
66 92
57 159
54 159
48 108
48 109
48 110
48 110
48 111
48 112
48 113
48 114
48 114
48 115
48 116
48 124
47 124
46 124
46 124
43 124
42 124
44 124
45 124
38 124
38 124
36 124
37 124
40 124
39 124
41 124
42 124
34 124
34 124
35 124
33 124
31 124
32 124
End
